0 strike_zone 0.420879948364888 0.299502487562189 0.0500215146299484 0.139303482587065
1 strike_zone 0.420879948364888 0.299502487562189 0.0500215146299484 0.139303482587065
2 strike_zone 0.420879948364888 0.299502487562189 0.0500215146299484 0.139303482587065
3 strike_zone 0.420879948364888 0.299502487562189 0.0500215146299484 0.139303482587065
4 strike_zone 0.420879948364888 0.299502487562189 0.0500215146299484 0.139303482587065
5 strike_zone 0.420879948364888 0.299502487562189 0.0500215146299484 0.139303482587065
6 strike_zone 0.420879948364888 0.299502487562189 0.0500215146299484 0.139303482587065
7 strike_zone 0.420879948364888 0.299502487562189 0.0500215146299484 0.139303482587065
8 strike_zone 0.420879948364888 0.299502487562189 0.0500215146299484 0.139303482587065
9 strike_zone 0.420879948364888 0.299502487562189 0.0500215146299484 0.139303482587065
10 strike_zone 0.420879948364888 0.299502487562189 0.0500215146299484 0.139303482587065
11 strike_zone 0.420879948364888 0.299502487562189 0.0500215146299484 0.139303482587065
12 strike_zone 0.420879948364888 0.299502487562189 0.0500215146299484 0.139303482587065
13 strike_zone 0.420879948364888 0.299502487562189 0.0500215146299484 0.139303482587065
14 strike_zone 0.420879948364888 0.299502487562189 0.0500215146299484 0.139303482587065
15 strike_zone 0.420879948364888 0.299502487562189 0.0500215146299484 0.139303482587065
16 strike_zone 0.420879948364888 0.299502487562189 0.0500215146299484 0.139303482587065
17 strike_zone 0.420879948364888 0.299502487562189 0.0500215146299484 0.139303482587065
18 strike_zone 0.420879948364888 0.299502487562189 0.0500215146299484 0.139303482587065
19 strike_zone 0.420879948364888 0.299502487562189 0.0500215146299484 0.139303482587065
20 strike_zone 0.420879948364888 0.299502487562189 0.0500215146299484 0.139303482587065
21 strike_zone 0.420879948364888 0.299502487562189 0.0500215146299484 0.139303482587065
22 strike_zone 0.420879948364888 0.299502487562189 0.0500215146299484 0.139303482587065
23 strike_zone 0.420879948364888 0.299502487562189 0.0500215146299484 0.139303482587065
24 strike_zone 0.420879948364888 0.299502487562189 0.0500215146299484 0.139303482587065
25 strike_zone 0.420879948364888 0.299502487562189 0.0500215146299484 0.139303482587065
26 strike_zone 0.420879948364888 0.299502487562189 0.0500215146299484 0.139303482587065
27 strike_zone 0.420879948364888 0.299502487562189 0.0500215146299484 0.139303482587065
28 strike_zone 0.420879948364888 0.299502487562189 0.0500215146299484 0.139303482587065
29 strike_zone 0.420879948364888 0.299502487562189 0.0500215146299484 0.139303482587065
30 strike_zone 0.420879948364888 0.299502487562189 0.0500215146299484 0.139303482587065
31 strike_zone 0.420879948364888 0.299502487562189 0.0500215146299484 0.139303482587065
32 strike_zone 0.420879948364888 0.299502487562189 0.0500215146299484 0.139303482587065
33 strike_zone 0.420879948364888 0.299502487562189 0.0500215146299484 0.139303482587065
34 strike_zone 0.420879948364888 0.299502487562189 0.0500215146299484 0.139303482587065
35 strike_zone 0.420879948364888 0.299502487562189 0.0500215146299484 0.139303482587065
36 strike_zone 0.420879948364888 0.299502487562189 0.0500215146299484 0.139303482587065
37 strike_zone 0.420879948364888 0.299502487562189 0.0500215146299484 0.139303482587065
38 strike_zone 0.420879948364888 0.299502487562189 0.0500215146299484 0.139303482587065
39 strike_zone 0.420879948364888 0.299502487562189 0.0500215146299484 0.139303482587065
40 strike_zone 0.420879948364888 0.299502487562189 0.0500215146299484 0.139303482587065
41 strike_zone 0.420879948364888 0.299502487562189 0.0500215146299484 0.139303482587065
42 strike_zone 0.420879948364888 0.299502487562189 0.0500215146299484 0.139303482587065
43 strike_zone 0.420879948364888 0.299502487562189 0.0500215146299484 0.139303482587065
44 strike_zone 0.420879948364888 0.299502487562189 0.0500215146299484 0.139303482587065
45 strike_zone 0.420879948364888 0.299502487562189 0.0500215146299484 0.139303482587065
46 strike_zone 0.420879948364888 0.299502487562189 0.0500215146299484 0.139303482587065
47 strike_zone 0.420879948364888 0.299502487562189 0.0500215146299484 0.139303482587065
48 strike_zone 0.420879948364888 0.299502487562189 0.0500215146299484 0.139303482587065
49 strike_zone 0.420879948364888 0.299502487562189 0.0500215146299484 0.139303482587065
50 strike_zone 0.420879948364888 0.299502487562189 0.0500215146299484 0.139303482587065
51 strike_zone 0.420879948364888 0.299502487562189 0.0500215146299484 0.139303482587065
52 strike_zone 0.420879948364888 0.299502487562189 0.0500215146299484 0.139303482587065
53 strike_zone 0.420879948364888 0.299502487562189 0.0500215146299484 0.139303482587065
54 strike_zone 0.420879948364888 0.299502487562189 0.0500215146299484 0.139303482587065
55 strike_zone 0.420879948364888 0.299502487562189 0.0500215146299484 0.139303482587065
56 strike_zone 0.420879948364888 0.299502487562189 0.0500215146299484 0.139303482587065
57 strike_zone 0.420879948364888 0.299502487562189 0.0500215146299484 0.139303482587065
58 strike_zone 0.420879948364888 0.299502487562189 0.0500215146299484 0.139303482587065
59 strike_zone 0.420879948364888 0.299502487562189 0.0500215146299484 0.139303482587065
60 strike_zone 0.420879948364888 0.299502487562189 0.0500215146299484 0.139303482587065
61 strike_zone 0.420879948364888 0.299502487562189 0.0500215146299484 0.139303482587065
62 strike_zone 0.420879948364888 0.299502487562189 0.0500215146299484 0.139303482587065
63 strike_zone 0.420879948364888 0.299502487562189 0.0500215146299484 0.139303482587065
64 strike_zone 0.420879948364888 0.299502487562189 0.0500215146299484 0.139303482587065
65 strike_zone 0.420879948364888 0.299502487562189 0.0500215146299484 0.139303482587065
66 strike_zone 0.420879948364888 0.299502487562189 0.0500215146299484 0.139303482587065
67 strike_zone 0.420879948364888 0.299502487562189 0.0500215146299484 0.139303482587065
68 strike_zone 0.420879948364888 0.299502487562189 0.0500215146299484 0.139303482587065
69 strike_zone 0.420879948364888 0.299502487562189 0.0500215146299484 0.139303482587065
70 strike_zone 0.420879948364888 0.299502487562189 0.0500215146299484 0.139303482587065
71 strike_zone 0.420879948364888 0.299502487562189 0.0500215146299484 0.139303482587065
72 strike_zone 0.420879948364888 0.299502487562189 0.0500215146299484 0.139303482587065
73 strike_zone 0.420879948364888 0.299502487562189 0.0500215146299484 0.139303482587065
74 strike_zone 0.420879948364888 0.299502487562189 0.0500215146299484 0.139303482587065
75 strike_zone 0.420879948364888 0.299502487562189 0.0500215146299484 0.139303482587065
76 strike_zone 0.420879948364888 0.299502487562189 0.0500215146299484 0.139303482587065
77 strike_zone 0.420879948364888 0.299502487562189 0.0500215146299484 0.139303482587065
78 strike_zone 0.420879948364888 0.299502487562189 0.0500215146299484 0.139303482587065
79 strike_zone 0.420879948364888 0.299502487562189 0.0500215146299484 0.139303482587065
80 strike_zone 0.420879948364888 0.299502487562189 0.0500215146299484 0.139303482587065
81 strike_zone 0.420879948364888 0.299502487562189 0.0500215146299484 0.139303482587065
82 strike_zone 0.420879948364888 0.299502487562189 0.0500215146299484 0.139303482587065
83 strike_zone 0.420879948364888 0.299502487562189 0.0500215146299484 0.139303482587065
84 strike_zone 0.420879948364888 0.299502487562189 0.0500215146299484 0.139303482587065
85 strike_zone 0.420879948364888 0.299502487562189 0.0500215146299484 0.139303482587065
86 strike_zone 0.420879948364888 0.299502487562189 0.0500215146299484 0.139303482587065
87 strike_zone 0.420879948364888 0.299502487562189 0.0500215146299484 0.139303482587065
88 strike_zone 0.420879948364888 0.299502487562189 0.0500215146299484 0.139303482587065
89 strike_zone 0.420879948364888 0.299502487562189 0.0500215146299484 0.139303482587065
90 strike_zone 0.420879948364888 0.299502487562189 0.0500215146299484 0.139303482587065
91 strike_zone 0.420879948364888 0.299502487562189 0.0500215146299484 0.139303482587065
92 strike_zone 0.420879948364888 0.299502487562189 0.0500215146299484 0.139303482587065
93 strike_zone 0.420879948364888 0.299502487562189 0.0500215146299484 0.139303482587065
94 strike_zone 0.420879948364888 0.299502487562189 0.0500215146299484 0.139303482587065
95 strike_zone 0.420879948364888 0.299502487562189 0.0500215146299484 0.139303482587065
96 strike_zone 0.420879948364888 0.299502487562189 0.0500215146299484 0.139303482587065
97 strike_zone 0.420879948364888 0.299502487562189 0.0500215146299484 0.139303482587065
98 strike_zone 0.420879948364888 0.299502487562189 0.0500215146299484 0.139303482587065
99 strike_zone 0.420879948364888 0.299502487562189 0.0500215146299484 0.139303482587065
100 strike_zone 0.420879948364888 0.299502487562189 0.0500215146299484 0.139303482587065
101 strike_zone 0.420879948364888 0.299502487562189 0.0500215146299484 0.139303482587065
102 strike_zone 0.420879948364888 0.299502487562189 0.0500215146299484 0.139303482587065
103 strike_zone 0.420879948364888 0.299502487562189 0.0500215146299484 0.139303482587065
104 strike_zone 0.420879948364888 0.299502487562189 0.0500215146299484 0.139303482587065
105 strike_zone 0.420879948364888 0.299502487562189 0.0500215146299484 0.139303482587065
106 strike_zone 0.420879948364888 0.299502487562189 0.0500215146299484 0.139303482587065
